190.952230453 122.717376709 227.047769547 255.282623291
189.807416916 123.657398224 228.192583084 250.342601776
277.35263443 131.20394516 302.64736557 226.79605484
277.797696114 136.695388794 300.202303886 215.304611206
275.369527817 135.071060181 302.630472183 228.928939819
309.522368431 143.408096313 334.477631569 216.591903687
321.136026382 149.320983887 344.863973618 224.679016113
320.91308403 145.064674377 347.08691597 222.935325623
394.860646248 152.030925751 413.139353752 219.969074249
381.894230843 150.74647522 404.105769157 223.25352478
380.017233849 148.261821747 397.982766151 217.738178253
-19.0672340393 117.021789551 55.0672340393 340.978210449
-5.08560562134 121.587715149 65.0856056213 342.412284851
58.372587204 120.467529297 121.627412796 347.532470703
152.904045105 125.42905426 189.095954895 266.57094574
152.562395096 126.482009888 189.437604904 269.517990112
195.347427368 125.690834045 230.652572632 258.309165955
166.076982498 128.055740356 199.923017502 263.944259644
191.876245499 125.732131958 230.123754501 258.267868042
278.032711983 133.551425934 301.967288017 228.448574066
277.549494743 132.022613525 302.450505257 225.977386475
307.465661049 144.539348602 332.534338951 217.460651398
321.161618233 141.073741913 348.838381767 224.926258087
388.090353012 146.086765289 407.909646988 215.913234711
382.115922928 140.217666626 419.884077072 263.782333374
388.383559227 162.012750626 401.616440773 217.987249374
-9.85053634644 117.840026855 59.8505363464 338.159973145
68.0382499695 119.462020874 141.961750031 352.537979126
-3.07619094849 115.887718201 63.0761909485 340.112281799
63.3967971802 117.021835327 132.60320282 354.978164673
62.6669769287 118.541030884 131.333023071 349.458969116
152.092746735 120.772895813 193.907253265 277.227104187
73.3784294128 127.795806885 138.621570587 342.204193115
154.807178497 125.948265076 191.192821503 272.051734924
152.212892532 135.560920715 187.787107468 260.439079285
195.659227371 125.085113525 232.340772629 258.914886475
279.013388634 134.827289581 302.986611366 229.172710419
323.444283485 141.72448349 348.555716515 226.27551651
-8.8385848999 115.618347168 62.8385848999 340.381652832
65.7469863892 118.287719727 138.253013611 351.712280273
-3.42387390137 115.176712036 63.4238739014 338.823287964
62.7090415955 117.46987915 131.290958405 350.53012085
63.4453811646 120.347480774 130.554618835 345.652519226
146.707105637 121.377624512 189.292894363 280.622375488
80.8386001587 131.139572144 139.161399841 320.860427856
157.61476326 123.735610962 192.38523674 272.264389038
151.965586662 131.996448517 182.034413338 244.003551483
197.233610153 127.439964294 232.766389847 258.560035706
167.200632095 124.981338501 198.799367905 265.018661499
202.599740028 139.689159393 233.400259972 254.310840607
277.112754822 140.966766357 300.887245178 227.033233643
277.347640991 141.907531738 300.652359009 226.092468262
-3.70360565186 116.069229126 63.7036056519 335.930770874
64.3336143494 117.117713928 135.666385651 348.882286072
63.2166442871 120.267951965 128.783355713 343.732048035
62.69008255 120.291290283 127.30991745 341.708709717
