193.79318428 129.578742981 226.20681572 260.421257019
273.908070564 127.353313446 302.091929436 230.646686554
273.272006989 135.546699524 304.727993011 230.453300476
288.239317894 145.586063385 307.760682106 214.413936615
302.246721268 150.109767914 321.753278732 219.890232086
378.486823082 156.244426727 399.513176918 225.755573273
380.363834381 146.664085388 397.636165619 213.335914612
152.538814545 132.974243164 189.461185455 269.025756836
152.712652206 131.002380371 189.287347794 270.997619629
196.001701355 128.606307983 231.998298645 265.393692017
174.931240082 132.171798706 209.068759918 265.828201294
195.048341751 127.275596619 230.951658249 262.724403381
275.756542206 132.652526855 300.243457794 229.347473145
273.623157501 135.28591156 300.376842499 228.71408844
292.461064339 149.974815369 309.538935661 214.025184631
304.654015541 146.092460632 323.345984459 215.907539368
386.019306183 157.720359802 405.980693817 222.279640198
396.525743484 132.426948547 437.474256516 287.573051453
396.206367493 105.180549622 455.793632507 320.819450378
-17.8498802185 134.513214111 49.8498802185 337.486785889
59.2615509033 120.363685608 126.738449097 359.636314392
55.3513221741 120.49055481 124.648677826 359.50944519
52.6947784424 120.44695282 123.305221558 357.55304718
152.354595184 131.039108276 187.645404816 272.960891724
153.674028397 130.479804993 190.325971603 273.520195007
196.06829834 132.006919861 231.93170166 265.993080139
175.189613342 138.345977783 208.810386658 269.654022217
276.429971695 138.405948639 299.570028305 231.594051361
289.023597717 146.965587616 306.976402283 207.034412384
368.145727158 150.770721436 389.854272842 221.229278564
394.398511887 140.874671936 423.601488113 259.125328064
387.075879097 170.181615829 404.924120903 233.818384171
-14.1787147522 134.816421509 54.1787147522 341.183578491
-7.08707046509 133.523803711 59.0870704651 342.476196289
55.576789856 120.588645935 124.423210144 355.411354065
51.5028991699 120.048454285 122.49710083 355.951545715
156.017896652 133.370536804 189.982103348 268.629463196
126.124792099 146.816272736 161.875207901 269.183727264
155.284856796 131.844398499 190.715143204 274.155601501
152.433237076 138.754905701 185.566762924 255.245094299
196.84844017 131.215583801 231.15155983 264.784416199
200.489813805 141.524368286 231.510186195 262.475631714
281.290378571 144.161487579 302.709621429 225.838512421
280.073225975 146.086078644 301.926774025 227.913921356
395.830793381 174.198791504 412.169206619 239.801208496
-10.4259567261 136.571609497 54.4259567261 337.428390503
58.1216278076 121.526008606 123.878372192 354.473991394
-10.6314697266 134.099113464 54.6314697266 335.900886536
56.0003242493 122.100814819 123.999675751 353.899185181
54.3857421875 123.726493835 119.614257812 352.273506165
