271.07294178 115.524032593 298.92705822 220.475967407
275.488395691 119.288074493 302.511604309 212.711925507
153.95582962 128.955955505 190.04417038 265.044044495
163.652606964 127.172439575 198.347393036 256.827560425
177.15049839 124.746826172 208.84950161 251.253173828
195.341413498 120.807842255 230.658586502 245.192157745
278.089463234 126.117572784 305.910536766 223.882427216
275.050208092 127.756450653 302.949791908 222.243549347
299.645031929 136.146369934 322.354968071 201.853630066
582.331792831 73.5972824097 641.668207169 304.40271759
-8.5376739502 104.744636536 66.5376739502 337.255363464
-6.08259963989 104.348358154 68.0825996399 333.651641846
63.7684822083 111.393226624 138.231517792 336.606773376
126.412492752 119.210189819 173.587507248 294.789810181
81.8125534058 119.826171875 146.187446594 314.173828125
160.307441711 124.031669617 195.692558289 259.968330383
199.698511124 122.675445557 232.301488876 251.324554443
168.477472305 127.407615662 201.522527695 252.592384338
198.252939224 124.144664764 231.747060776 249.855335236
277.287957191 130.036365509 302.712042809 221.963634491
275.110937119 129.16632843 300.889062881 222.83367157
300.333901405 137.320568085 321.666098595 202.679431915
371.881234169 143.278598785 394.118765831 226.721401215
-2.07490539551 105.49495697 70.0749053955 330.50504303
-5.22394561768 108.236022949 67.2239456177 329.763977051
63.6252822876 106.508605957 138.374717712 341.491394043
2.65247344971 117.958465576 71.3475265503 320.041534424
66.6155090332 110.414749146 139.384490967 339.585250854
129.39730835 117.964179993 178.60269165 292.035820007
68.2650947571 118.430152893 139.734905243 329.569847107
152.825819016 134.162677765 187.174180984 255.837322235
203.312854767 127.510105133 236.687145233 252.489894867
169.255254745 124.958183289 200.744745255 255.041816711
201.971905708 132.212223053 232.028094292 253.787776947
278.131271362 131.56930542 303.868728638 220.43069458
298.082097054 137.942714691 323.917902946 214.057285309
-1.08172988892 109.167579651 71.0817298889 330.832420349
-0.00304412841797 112.985443115 70.0030441284 329.014556885
64.2822799683 109.592315674 139.717720032 340.407684326
4.79000854492 120.564704895 75.2099914551 325.435295105
66.4383544922 112.299209595 139.561645508 337.700790405
107.616924286 119.716903687 158.383075714 298.283096313
94.4500827789 124.121734619 151.549917221 301.878265381
161.133882523 127.388252258 194.866117477 260.611747742
199.057529449 133.043914795 232.942470551 254.956085205
180.547851562 128.897888184 207.452148438 251.102111816
205.771366119 145.444248199 234.228633881 248.555751801
12.8459968567 116.315216064 83.1540031433 321.684783936
57.0767745972 111.583717346 128.923225403 334.416282654
64.2471504211 105.122787476 139.752849579 340.877212524
9.42222595215 124.201156616 74.5777740479 319.798843384
64.9080505371 112.987731934 137.091949463 335.012268066
66.8327560425 115.254051208 135.167243958 334.745948792
