193.493082047 127.261947632 228.506917953 256.738052368
194.329626083 125.35087204 231.670373917 252.64912796
274.074730873 131.515472412 299.925269127 226.484527588
277.356845856 136.719783783 300.643154144 217.280216217
273.231928825 136.328861237 302.768071175 229.671138763
319.042946815 146.0467453 346.957053185 219.9532547
347.026618958 147.788383484 370.973381042 212.211616516
390.737937927 154.085689545 409.262062073 217.914310455
377.219472885 156.731204987 398.780527115 219.268795013
153.961864471 127.333824158 188.038135529 266.666175842
151.160429001 129.683410645 186.839570999 270.316589355
172.092832565 130.689247131 205.907167435 265.310752869
192.62424469 127.429016113 229.37575531 258.570983887
274.984974861 135.328548431 299.015025139 226.671451569
273.410334587 133.171821594 300.589665413 228.828178406
303.677911758 144.365573883 328.322088242 217.634426117
321.166208267 144.334827423 348.833791733 219.665172577
386.803959846 151.348854065 407.196040154 220.651145935
393.776479721 145.653812408 426.223520279 262.346187592
-13.6171531677 132.544692993 51.6171531677 337.455307007
67.6702880859 121.296012878 136.329711914 358.703987122
62.4560241699 119.541625977 129.54397583 354.458374023
61.4609069824 119.994606018 128.539093018 348.005393982
153.250997543 126.284210205 186.749002457 271.715789795
96.0819416046 130.860244751 147.918058395 319.139755249
151.95939064 128.742698669 188.04060936 273.257301331
197.193750381 129.799079895 232.806249619 262.200920105
172.938867569 131.937515259 207.061132431 266.062484741
196.011455536 132.708709717 231.988544464 267.291290283
277.33734417 136.755092621 300.66265583 229.244907379
274.028308868 140.205627441 297.971691132 231.794372559
303.829677582 143.337768555 330.170322418 212.662231445
322.506153107 144.020202637 345.493846893 217.979797363
390.313142776 149.540210724 419.686857224 254.459789276
390.262875557 172.759960175 403.737124443 227.240039825
-12.0716247559 132.727104187 54.0716247559 339.272895813
-2.68554496765 127.246078491 60.6855449677 340.753921509
62.600982666 120.860069275 129.399017334 349.139930725
61.5159912109 121.921737671 126.484008789 342.078262329
154.549386978 127.145004272 187.450613022 268.854995728
95.9778137207 132.957855225 144.022186279 305.042144775
156.098661423 127.622619629 191.901338577 272.377380371
152.210439682 131.821170807 181.789560318 246.178829193
196.711971283 129.718490601 231.288028717 260.281509399
199.529031754 146.199680328 230.470968246 257.800319672
278.812277794 142.567260742 301.187722206 225.432739258
-8.82036972046 131.86341095 54.8203697205 336.13658905
63.7395172119 121.537910461 130.260482788 352.462089539
-6.36939239502 128.309822083 58.369392395 341.690177917
63.7924690247 118.958374023 130.207530975 349.041625977
62.7562236786 122.396446228 125.243776321 343.603553772
63.3178462982 125.481185913 120.682153702 332.518814087
