145.268148422 131.428482056 182.731851578 266.571517944
195.518121719 129.867141724 228.481878281 258.132858276
196.755994797 131.039768219 231.244005203 250.960231781
276.642426491 132.871276855 303.357573509 229.128723145
275.647657394 139.680145264 298.352342606 214.319854736
275.859825134 130.92653656 304.140174866 225.07346344
289.083394051 144.561374664 312.916605949 215.438625336
305.996645927 148.585468292 328.003354073 221.414531708
362.951771736 149.395328522 387.048228264 220.604671478
387.818799973 150.556106567 408.181200027 217.443893433
377.568471909 154.369693756 400.431528091 225.630306244
370.221998215 145.243598938 389.778001785 216.756401062
151.310503006 133.483428955 186.689496994 268.516571045
152.92480278 131.892158508 189.07519722 270.107841492
196.346717834 129.435005188 233.653282166 264.564994812
177.506822586 134.718147278 210.493177414 263.281852722
195.79158783 129.059120178 232.20841217 260.940879822
276.733295441 135.690589905 301.266704559 228.309410095
274.850545883 130.252239227 301.149454117 227.747760773
290.836306572 148.446113586 311.163693428 215.553886414
305.315152168 143.744194031 324.684847832 212.255805969
367.513924599 149.580089569 388.486075401 218.419910431
383.733987808 152.197544098 404.266012192 217.802455902
384.891233444 152.708053589 413.108766556 247.291946411
368.419931412 162.040740967 387.580068588 227.959259033
54.3962173462 119.814704895 125.603782654 360.185295105
-11.0326004028 130.514564514 61.0326004028 347.485435486
52.647228241 121.373954773 121.352771759 358.626045227
50.2469673157 119.858886719 121.753032684 356.141113281
151.51644516 131.500640869 186.48355484 272.499359131
153.291830063 130.470420837 190.708169937 271.529579163
150.450942993 142.246109009 185.549057007 265.753890991
196.598423004 133.337150574 233.401576996 266.662849426
196.628427505 130.807914734 231.371572495 265.192085266
278.146636963 139.290195465 301.853363037 230.709804535
277.339307785 137.325389862 300.660692215 228.674610138
290.386975288 146.493873596 311.613024712 211.506126404
371.005449295 148.406539917 390.994550705 217.593460083
384.281820297 153.873355865 405.718179703 236.126644135
-11.7784385681 135.83682251 59.7784385681 344.16317749
54.3217506409 118.47454071 123.678249359 355.52545929
-6.8475112915 131.743286133 62.8475112915 342.256713867
51.1197967529 120.018890381 120.880203247 353.981109619
48.982673645 118.429924011 121.017326355 355.570075989
152.697704315 135.979156494 187.302295685 270.020843506
154.095920563 133.405555725 189.904079437 274.594444275
152.146501541 140.17124176 185.853498459 257.82875824
168.433679581 139.900054932 201.566320419 268.099945068
196.133296013 139.335189819 227.866703987 266.664810181
280.112969398 142.94707489 303.887030602 229.05292511
-7.45079421997 136.292198181 61.45079422 337.707801819
54.4061088562 122.160316467 123.593891144 353.839683533
-12.8475570679 131.900291443 56.8475570679 338.099708557
53.4170761108 121.639953613 122.582923889 352.360046387
