155.505630493 127.871788025 190.494369507 264.128211975
192.760065079 125.466171265 227.239934921 254.533828735
191.163169861 124.431663513 224.836830139 255.568336487
276.482394218 132.534584045 301.517605782 227.465415955
275.216333389 131.828140259 302.783666611 230.171859741
300.704609871 141.953342438 323.295390129 208.046657562
318.763422012 148.571109772 341.236577988 221.428890228
318.99958992 142.629241943 343.00041008 217.370758057
-14.7970085144 114.895454407 62.7970085144 341.104545593
60.8110580444 109.273330688 137.188941956 340.726669312
62.6394233704 119.020454407 133.36057663 332.979545593
136.86450386 125.051521301 179.13549614 282.948478699
105.132995605 126.207481384 156.867004395 301.792518616
157.123531342 125.03276825 192.876468658 264.96723175
195.975427628 126.131767273 230.024572372 255.868232727
167.698020935 127.497146606 202.301979065 258.502853394
193.108467102 124.898262024 226.891532898 257.101737976
276.875736237 130.697715759 301.124263763 225.302284241
273.138323784 131.77350235 298.861676216 226.22649765
297.377058983 142.449966431 318.622941017 207.550033569
311.829475403 141.728210449 334.170524597 216.271789551
318.793631554 139.846317291 343.206368446 216.153682709
-4.71464538574 116.700126648 66.7146453857 331.299873352
31.8719367981 118.478912354 108.128063202 327.521087646
39.0728988647 107.772109985 112.927101135 336.227890015
63.6474952698 115.681129456 136.35250473 340.318870544
67.3830680847 117.716438293 136.616931915 338.283561707
126.773328781 119.644706726 179.226671219 294.355293274
75.1186027527 128.187385559 136.881397247 321.812614441
160.123313904 125.13155365 195.876686096 266.86844635
153.574071884 131.320610046 188.425928116 260.679389954
195.172966003 128.234970093 230.827033997 257.765029907
167.727104187 123.438606262 200.272895813 258.561393738
197.275501251 132.678936005 230.724498749 259.321063995
274.343961716 137.531291962 297.656038284 226.468708038
296.632907867 139.515510559 321.367092133 212.484489441
-3.97728729248 118.306488037 69.9772872925 333.693511963
27.0693702698 124.964385986 100.93062973 331.035614014
31.3079376221 111.51524353 108.692062378 340.48475647
63.3020172119 117.749000549 138.697982788 342.250999451
63.3007354736 118.079811096 134.699264526 335.920188904
95.7376041412 118.197860718 154.262395859 307.802139282
123.197439194 130.133255005 166.802560806 279.866744995
161.19244194 123.707901001 194.80755806 268.292098999
155.626954079 128.24489212 186.373045921 245.75510788
201.871497154 143.347873688 232.128502846 250.652126312
278.263186455 142.957611084 299.736813545 225.042388916
277.565814972 142.682739258 298.434185028 225.317260742
-0.466709136963 121.659484863 68.466709137 326.340515137
44.1452445984 123.883522034 115.854755402 328.116477966
17.4419212341 117.786827087 90.5580787659 334.213172913
62.446975708 113.043151855 139.553024292 340.956848145
63.00522995 116.977157593 134.99477005 337.022842407
63.6207733154 118.585350037 132.379226685 335.414649963
