192.835002899 130.626014709 227.164997101 261.373985291
276.113633156 137.527900696 301.886366844 228.472099304
328.095323563 146.207603455 355.904676437 215.792396545
396.946202278 152.591995239 415.053797722 221.408004761
373.168559074 147.72208786 390.831440926 212.27791214
152.377996445 136.298439026 191.622003555 269.701560974
152.834012985 135.327194214 191.165987015 272.672805786
194.234254837 132.249786377 231.765745163 269.750213623
193.868812561 130.775260925 232.131187439 265.224739075
277.060873985 142.138328552 300.939126015 231.861671448
278.18940258 138.407550812 303.81059742 227.592449188
281.986652374 150.283737183 302.013347626 219.716262817
361.86260891 151.307750702 382.13739109 220.692249298
390.320002556 154.140762329 409.679997444 221.859237671
374.764941216 164.885698318 391.235058784 225.114301682
-15.2373580933 130.377693176 53.2373580933 345.622306824
47.1612510681 120.119186401 114.838748932 361.880813599
-9.70432662964 127.993530273 61.7043266296 348.006469727
45.0734596252 121.048858643 112.926540375 356.951141357
44.4698371887 119.017692566 115.530162811 352.982307434
151.865942001 135.027999878 190.134057999 270.972000122
153.298496246 135.450660706 192.701503754 272.549339294
193.895008087 135.832763672 232.104991913 268.167236328
158.979824066 141.085197449 197.020175934 272.914802551
279.011608124 143.085327148 302.988391876 232.914672852
280.563030243 141.531887054 303.436969757 228.468112946
281.741854668 151.510435104 300.258145332 214.489564896
364.326461792 149.228500366 383.673538208 222.771499634
388.935233116 156.293912888 407.064766884 217.706087112
386.16474247 148.691650391 409.83525753 247.308349609
386.681913376 161.646858215 403.318086624 228.353141785
-14.7263069153 132.668533325 56.7263069153 347.331466675
47.2350349426 118.223075867 114.764965057 357.776924133
-8.52592849731 131.87071991 60.5259284973 348.12928009
44.4558143616 120.262985229 113.544185638 353.737014771
42.1822891235 118.929176331 111.817710876 353.070823669
153.280124664 136.789978027 192.719875336 271.210021973
153.859634399 138.612548828 194.140365601 273.387451172
151.720272064 140.485275269 188.279727936 257.514724731
192.985700607 134.859588623 231.014299393 269.140411377
158.580032349 137.561218262 197.419967651 270.438781738
196.100515366 138.255012512 231.899484634 269.744987488
280.228855133 141.976539612 305.771144867 232.023460388
279.506949425 143.660934448 302.493050575 230.339065552
-13.7276420593 135.771949768 57.7276420593 344.228050232
44.832988739 122.731002808 113.167011261 351.268997192
41.7552375793 122.29234314 108.244762421 349.70765686
